particle_id
4522772361379840
40540368105635840
40540436825112576
54056939423793152
54057008143269888
85594025284861952
139635227948482560
153156815788441600
157648389507383296
157648458226860032
207178158523285504
207178227242762240
225201490564743168
225205407574917120
265726877824450560
279231148356272128
292759676863381504
292789363677331456
333272694617276416
360293124150394880
378318311617724416
504418895025668096
504418963745144832
531430665904717824
549449462460710912
549449531180187648
558475215974170624
558475284693647360
562975585786134528
653039744313196544
752103680391512064
752103749110988800
752104848622616576
761116514643345408
774631436694061056
774631505413537792
788137081615417344
806148525187399680
806148593906876416
842193608722350080
842218553892405248
846694597009604608
846694665729081344
846706141881696256
864706865215307776
864712775090307072
864712843809783808
891723583896682496
932256049262493696
932256117981970432
