particle_id
4503874505277440
4539127596843008
63062283252662272
63065650507022336
166659574491774976
166681977041190912
180150582164586496
180152781187842048
189177297750720512
198164087320870912
238692704395984896
243217400902713344
243217469622190080
279227300065574912
279227368785051648
288258276259266560
306250066060902400
310772907141758976
364795830424567808
477406436951851008
495425164788367360
504417177038749696
544942564298457088
571967117000179712
571967185719656448
603491970794389504
630511644413263872
680045330439340032
680045399158816768
698076496501145600
698084055643586560
698084124363063296
698097730819457024
698099311367421952
788142922770939904
797153970316378112
