particle_id
4503668346847232
4516999925334016
4536791134633984
4536859854110720
103586777159172096
148632943915433984
189175167446941696
193659250742919168
193659319462395904
207170393222414336
207171080417181696
207171149136658432
234203192261345280
306251371730960384
306251440450437120
328777753643974656
328777822363451392
373815948940935168
373816017660411904
373816155099365376
373816223818842112
396319447268196352
396319515987673088
418840262903595008
418840331623071744
423352658623987712
423352727343464448
423363378862358528
445879384134385664
445886668398919680
445893815224500224
513432347752792064
513435577568198656
522437485423230976
549448019351699456
549448088071176192
558461746956730368
558461815676207104
558475147254693888
558478239631147008
567473275538505728
567479803888795648
576469479676968960
626030241176879104
626030309896355840
644032819936362496
684561849328336896
716098591592022016
774621678528364544
779141289793814528
801685607490256896
842199724755779584
846688824573558784
882738031277113344
882738855910834176
