particle_id
4517893278531584
54062986737745920
157653406029185024
162152538890567680
162152607610044416
184682631655325696
337790519176331264
360297109880045568
360297178599522304
378326970271793152
378330681123536896
531441592301518848
571967323158609920
585476472773279744
612492779137794048
639532931160735744
639536298415095808
644032957375315968
644033026094792704
657554201617891328
684556420489674752
684565010424266752
707073250395422720
707074487346003968
707075586857631744
756619031049404416
779130500835966976
779132974737129472
806159451584200704
806176631453384704
855699116204752896
