particle_id
63060427826790400
63060496546267136
81068916461273088
121607566579990528
175650762108436480
216176011929190400
216176080648667136
229691621174673408
243200564630913024
355787462938722304
355787531658199040
400832598902833152
400832667622309888
405337229322354688
427852478680137728
427852547399614464
432371265311866880
432371334031343616
472890467818668032
481901103047245824
481906188288524288
499907598816903168
513421421355991040
513421490075467776
576464119557783552
598999228844343296
720582881046429696
720582949765906432
792646659837263872
815163421023535104
819666196017184768
828672914235588608
828672982955065344
905229984732282880
