particle_id
4528132480565248
22528237338886144
22528306058362880
22534215933362176
27028469711896576
54063811371466752
67574678973054976
81070222131331072
90088279063396352
90088347782873088
171150529735426048
193686257497276416
193686326216753152
202666449997660160
202666518717136896
279238982376620032
279239051096096768
292739404617744384
301750383443705856
301753132222775296
310776892871409664
319785466515685376
319785810113069056
333275374676869120
333281834307682304
373802479923494912
459383929544114176
459383998263590912
459385578811555840
477391730983829504
558466076283764736
576472365894991872
576472434614468608
648540817610244096
648540886329720832
653029436391686144
666553841730191360
689085996079251456
783640697533104128
783640766252580864
783643789909557248
783643858629033984
801649735923400704
837674409773760512
